  500     550
    1     171      70
    1     227      78
    2      76      91
    2     165      93
    3     211      11
    4     304      55
    4     462      49
    5     500      54
    6      53      23
    6     282     100
    6     484      46
    7      46       4
    8     430      55
    8     432     100
    9     194      71
    9     340      57
   10     459      99
   11     252      98
   12      40      92
   12      99      74
   12     330      97
   12     412      28
   13     235      91
   14     293       3
   15     494      50
   16      43      15
   16     285      22
   16     421      81
   16     468      80
   17     251      57
   17     402      22
   18     136      44
   18     155      76
   18     220      45
   18     234       1
   19     236      75
   19     261      88
   19     302      91
   19     370      28
   20      72      26
   20      81      89
   20     289      78
   20     496      24
   21     215      35
   21     343      99
   21     419      93
   21     421      65
   21     461      89
   22     174      49
   23     162      34
   23     252      65
   23     292      43
   24     195      20
   24     500      97
   25      62       5
   25      99      30
   26      95      18
   26     285      27
   27     413      98
   28     170      96
   28     449       5
   29     112       2
   29     115      21
   30     119      58
   30     129      73
   31     262      10
   31     360      87
   32      67      41
   32     206      77
   32     258      56
   32     409      21
   33     219      92
   34     130      19
   34     202      64
   34     364      22
   35     185      93
   35     250      77
   36     130       8
   37     228       3
   37     460      18
   38     318      22
   38     347       3
   38     387      80
   39      73      55
   39      75       9
   39     107      42
   39     156      20
   39     240      32
   39     334       2
   40     133       1
   40     424      10
   41     117      74
   41     152      14
   41     288      34
   41     353      17
   41     371      98
   42     229      32
   42     238      52
   43     191      58
   44      56      22
   45     179      22
   46     284      81
   47      65      28
   47     397      25
   47     415      71
   48     194      48
   48     286      35
   48     422      92
   49     110       3
   49     288      34
   49     458      71
   50     187      32
   50     269      76
   51      95      66
   51     106      44
   51     148      55
   51     282      73
   51     301      84
   51     357      73
   51     467      72
   52      68       7
   54     427      37
   55     229      80
   55     259     100
   55     328      19
   56     134      60
   56     349       2
   56     360      78
   56     376      81
   57     368      64
   58     233      11
   58     491      55
   59     235      92
   59     434      49
   60     192      76
   60     400       4
   61     304      42
   62     140      60
   62     189       9
   63     318      52
   64     442      27
   64     476      14
   66     419      73
   67     456      44
   67     489      39
   68     118      34
   68     250      54
   68     278      90
   68     414      86
   69     291      49
   70     457      58
   71     255     100
   71     436      51
   72     254      42
   72     260      30
   72     329      45
   73     108      56
   73     184       9
   73     188      27
   73     370      55
   74      82      79
   74     278      59
   77      95      68
   77     360      82
   78      84      48
   79     308      59
   80     297      20
   81      86      90
   81     140      73
   81     187      77
   81     226       8
   81     282      53
   81     292      76
   81     393      21
   83     354      23
   84     133      96
   84     155      70
   84     193      80
   84     360      77
   84     395      34
   84     399      98
   84     400       2
   84     411      52
   84     465      80
   85     476      14
   86     132      86
   86     294     100
   86     415      71
   87     383      81
   88     122      46
   88     248      70
   88     265      95
   89     170      79
   89     433      80
   90     164      99
   91     116       1
   92     371      43
   93      96      98
   93     120      62
   94     160      32
   95     167      49
   95     258      29
   95     331      27
   96     239      82
   96     377      64
   97     385      56
   97     437      58
   98     111      18
   98     162      26
  100     112       5
  101     271      53
  101     278      10
  102     372     100
  103     451      25
  103     487      14
  104     230       4
  105     110      62
  105     383      92
  106     129      69
  106     486      84
  107     474      80
  108     297       7
  109     282       6
  109     330      28
  109     355      17
  110     127      50
  110     483      51
  112     415      95
  113     187      99
  114     350      52
  115     266      75
  115     401       2
  116     165      22
  116     204      43
  116     374      83
  116     394      93
  117     382      72
  117     417      81
  121     276      74
  121     496      33
  122     311      48
  122     460      21
  123     292       9
  123     398      62
  123     407      49
  124     284      77
  124     317      39
  125     167      46
  126     366      61
  126     445      30
  126     457      51
  128     237      10
  128     356      76
  131     408      45
  133     477      93
  134     176       3
  135     218      84
  137     174      49
  137     297      95
  137     356      49
  138     263      79
  138     408      57
  139     172       5
  141     374       9
  142     224       1
  143     421      72
  144     304      65
  144     383      30
  144     454      33
  145     363      37
  145     407      85
  146     222       1
  146     280      34
  146     298      54
  146     421      59
  147     421      73
  148     249      44
  149     217       4
  149     314       2
  150     153      21
  150     365      72
  150     380      17
  151     412      24
  154     159      31
  154     259      92
  154     340      58
  154     429      18
  155     292      59
  155     414      27
  155     432      34
  155     459      45
  157     315      34
  157     497      56
  158     225       7
  158     245      58
  158     297      26
  158     466      91
  159     485      35
  160     180      77
  161     498      15
  162     323      52
  163     337      13
  163     498      81
  164     202      83
  164     238      96
  164     267      25
  164     346      36
  165     230      81
  165     246      54
  165     297       2
  165     316      31
  166     320      16
  167     423      63
  168     205      92
  168     224      78
  168     256      52
  168     308      98
  169     427      30
  170     211      30
  170     451       2
  171     197      11
  171     307      64
  171     430      97
  172     318      14
  173     445      85
  174     293      61
  174     477      55
  175     204      35
  175     291      60
  176     470      20
  177     447      54
  178     259      43
  178     318      80
  178     370      39
  179     210      40
  180     276      70
  180     360      82
  181     374      79
  182     330       7
  182     435      82
  183     211      54
  185     346      74
  185     419      73
  186     344      90
  188     408      29
  189     481      53
  189     494      47
  190     247       3
  190     330      44
  191     332      30
  191     455      69
  193     312      67
  193     416      74
  193     425      52
  194     367      23
  194     389      79
  195     327      70
  195     356      20
  196     320      99
  197     297      23
  197     348      95
  198     339       9
  198     365      34
  198     495      70
  199     397      59
  200     402      84
  201     385       3
  202     248       2
  202     420      14
  203     242      18
  203     479     100
  204     295      14
  205     410      43
  207     449      86
  208     262      37
  209     376      77
  209     478      54
  210     299       5
  210     305      48
  210     476      69
  212     379      83
  212     469      94
  213     369      19
  213     492      43
  214     331       6
  215     282      48
  215     338      97
  215     494      26
  216     406      41
  216     465      34
  218     419      33
  219     292      67
  220     384      54
  221     494      34
  222     318      75
  223     422      98
  227     414      84
  228     294      67
  229     413      75
  230     418      89
  231     415      64
  232     249      80
  233     352      63
  233     432      30
  235     315      89
  235     331      11
  235     462      60
  236     304      76
  236     335      30
  240     441      99
  241     369      89
  242     350      32
  243     364      95
  244     300      94
  244     325      10
  245     273      94
  251     404      60
  251     427       9
  253     292      56
  254     309      19
  254     375      39
  255     365      79
  257     338      28
  258     308      76
  258     499      52
  259     411      86
  262     266      29
  262     308      56
  264     409      52
  265     282      92
  265     392      74
  266     333      69
  268     294      75
  268     376      42
  269     355      86
  270     357      33
  272     282      64
  274     365       4
  275     393      74
  276     339      26
  277     345      82
  278     360      25
  278     372       5
  278     388      64
  279     341      10
  279     473      82
  281     491      35
  282     410      30
  283     483      12
  284     357      32
  285     335      74
  287     412      27
  288     292      90
  288     322      92
  288     379     100
  290     313      46
  290     322      63
  291     404      48
  292     359      23
  292     370      14
  292     427      58
  292     447      77
  292     451     100
  293     471      68
  294     350      14
  296     420      96
  297     370      64
  301     472      98
  303     319      95
  306     483      84
  307     393      50
  308     482      89
  309     329      12
  309     350      77
  310     400       5
  313     466      32
  314     432      21
  318     350      33
  318     354       3
  319     488      98
  320     346      71
  321     330      90
  324     475      99
  325     373      20
  325     383      82
  325     388      15
  326     422      63
  326     451       4
  327     395      60
  329     391      89
  331     440      41
  336     366      81
  337     361      11
  340     446      97
  341     385      30
  341     444      90
  342     484      63
  344     387      13
  345     430      81
  348     448      11
  351     494      18
  352     460      44
  353     390      26
  357     475      38
  358     419      88
  361     480      13
  362     415      97
  365     451      40
  366     480      46
  368     383      62
  368     431      96
  368     450      65
  369     419      72
  370     385      75
  370     484       6
  377     411       9
  378     431      55
  378     452      76
  378     453      83
  381     394      49
  381     498      14
  383     386      96
  383     427      11
  383     490      10
  384     445      66
  388     484      51
  396     473      97
  400     436      16
  403     413      76
  403     439      55
  404     463      50
  405     463      15
  411     438      30
  414     434      78
  414     463      75
  414     488      73
  415     493      34
  417     464      16
  420     428       9
  425     487      19
  426     429      96
  436     479      84
  438     468      72
  438     498      44
  439     448      66
  443     473       2
  461     464      35
  465     476      51
  480     499      36
  494     498      89
