  200     205
    3     192      56
    4     164      61
    5      77      48
    6      56      78
    6      64      26
    6     152      66
    7      58      92
    8      79      48
    9      42      43
    9     171      49
   10      93       6
   10     126      71
   10     193      25
   12       4      85
   12      48      14
   14      41      62
   14     159      21
   15     150      28
   15     156      58
   16     120      55
   19      67      31
   23     181      22
   25     146      27
   26      92      38
   28       6      16
   30      22      59
   30      27       7
   30      88      19
   30     140      64
   30     170      58
   31     188      25
   33      32      74
   33      84      61
   33     104      79
   34      41       4
   34      93      75
   34     186      62
   35      38      24
   35      95       5
   36      42      40
   36     119       2
   41     147      25
   41     152       3
   41     163      88
   43      27       8
   44      13       8
   45      21      51
   45      54      62
   46      78      95
   46      88      59
   46     180      65
   47       1      33
   49      71      18
   54      18      97
   54     111      59
   55      68      24
   55     151       5
   57      51      76
   57     199      14
   58     146      84
   59     123      40
   59     132      71
   60     131      79
   61     196      74
   62      13       8
   65     150      42
   67     192      38
   68      64      54
   68     180      66
   70      32      12
   70      82      43
   71      41      81
   71      49       3
   71     136      29
   72     172      75
   73     104      78
   74      75      89
   74     166      31
   74     179      29
   75      15       4
   75     106      45
   76      70      63
   76     196      76
   77      37      50
   78     189      96
   79     119       7
   79     182      64
   80      38      78
   80     117      52
   81      17      22
   81      41      78
   83      12      21
   84     104      55
   85     138       8
   87      52      22
   87      79      73
   87     188      99
   88     137      53
   88     157      97
   89     100      75
   90      55      15
   93      83      74
   93      96      97
   93     171      35
   94      36      35
   95      24      78
   96     102      73
   98      51      82
  101     122      13
  101     126      82
  103      11      64
  103      27      61
  104     128      62
  106      53      68
  106      80      25
  107      22      64
  108      27      95
  110      52      10
  110      97      40
  110     157      94
  113      66      76
  113     158      10
  114      28      90
  114      35      18
  114     113      12
  115      22      13
  116     123      52
  117     105      86
  120      51      61
  122      42      51
  124      96      28
  124     165      43
  124     189      53
  125      81      77
  127     155      35
  131     173     100
  133      40      33
  133      65       6
  134      79      93
  134     101      10
  137      33      69
  138       8      91
  138      41      96
  138      66      83
  138      96      18
  142      62      25
  142     101      96
  144      86      73
  145      29      82
  145     200      52
  147     101      29
  149     155      20
  150      74      38
  153      55      84
  153      91       2
  155      58      30
  156      26      75
  156     130      11
  157      51       5
  159      20      60
  160       4      69
  160      36      21
  161       5      97
  163      36      68
  164      53      88
  164     131      39
  165     166      40
  166      38      71
  166      43      40
  166      77      67
  169     153      54
  170      71      32
  170     197      65
  171     106      56
  172      35      99
  172     195      95
  173     183      52
  174      85      85
  175       2      77
  175       9      54
  175      90      59
  176     112      93
  176     149      77
  178      86      75
  180      42      18
  180     174      66
  181     119      27
  182      66      78
  182     170      93
  184      82      77
  188      47       3
  188      60      44
  188     159      85
  190      89       3
  192     104       8
  193      91      14
  193     134      58
  194     136      56
  194     193      75
  195      52      96
  196     120      38
  197      51      49
  198      51      19
  199       6      51
  200      57      98
